
Integers: 7 6 4 5 2 5 9 0 4 4 
Doubles: 2.31929 3.82265 4.45055 7.15324 0.303419 7.03236 3.43254 4.08639 8.74298 1.36508 
Squares: 46.5174 32.0283 39.1893 21.2237 37.3555 20.0928 44.1991 16.1314 32.7515 19.7992 
Circles: 28.9655 23.6494 13.8871 24.7151 25.5214 23.605 17.8689 23.9499 15.0412 15.9777 

Integers (sorted): 0 2 4 4 4 5 5 6 7 9 
Doubles (sorted): 0.303419 1.36508 2.31929 3.43254 3.82265 4.08639 4.45055 7.03236 7.15324 8.74298 
Squares (sorted): 16.1314 19.7992 20.0928 21.2237 32.0283 32.7515 37.3555 39.1893 44.1991 46.5174 
Circles (sorted): 13.8871 15.0412 15.9777 17.8689 23.605 23.6494 23.9499 24.7151 25.5214 28.9655 

Average of integers: 4.6
Average of doubles: 4.27085
Average of squares: 30.9288
Average of circles: 21.3181
