310
155
41 177
134 150
259 224
8 218
302 284
125 245
31 87
41 181
205 162
177 166
151 34
182 153
292 292
61 116
188 55
177 26
201 68
9 72
247 259
295 284
183 251
12 263
3 14
261 271
43 48
127 54
112 207
197 149
43 131
249 158
226 245
180 292
288 36
50 262
44 18
166 245
80 219
190 160
126 101
213 138
99 223
214 114
156 60
6 246
291 268
204 199
136 163
267 148
308 222
299 111
183 115
299 208
74 10
27 136
53 66
61 225
264 162
70 249
117 73
137 82
116 270
171 36
35 277
95 74
1 272
70 220
201 24
16 20
107 121
27 177
267 197
163 153
65 229
279 148
41 298
222 146
226 10
293 28
280 41
162 105
50 159
34 77
158 283
5 11
192 170
61 146
74 170
256 151
68 259
138 304
221 84
53 139
68 38
80 68
147 157
8 13
158 163
137 251
50 107
183 214
49 176
25 91
140 289
89 246
168 233
24 158
264 59
109 152
95 25
303 83
143 37
174 203
8 90
128 108
120 266
228 91
59 28
109 187
12 62
248 202
148 309
210 207
208 301
285 258
246 41
82 154
92 215
178 16
12 236
275 223
109 302
284 176
181 68
92 51
101 119
147 266
302 209
115 172
120 30
233 209
191 118
71 179
65 303
42 45
2 55
118 116
97 197
222 242
139 294
301 139
136 19
198 172
35 15
24 119
1 212
