
Integers: 5 3 8 1 8 3 8 0 6 1 
Doubles: 2.50183 2.91819 5.25702 9.39011 2.82448 2.20269 8.46123 1.15568 9.73687 5.78755 
Squares: 20.8542 36.9715 42.3252 47.2748 44.7891 40.6003 32.697 32.5349 44.058 33.2607 
Circles: 20.4689 29.8402 32.3269 33.9812 18.3735 23.1832 19.5922 17.688 12.7199 15.0341 

Integers (sorted): 0 1 1 3 3 5 6 8 8 8 
Doubles (sorted): 1.15568 2.20269 2.50183 2.82448 2.91819 5.25702 5.78755 8.46123 9.39011 9.73687 
Squares (sorted): 20.8542 32.5349 32.697 33.2607 36.9715 40.6003 42.3252 44.058 44.7891 47.2748 
Circles (sorted): 12.7199 15.0341 17.688 18.3735 19.5922 20.4689 23.1832 29.8402 32.3269 33.9812 

Average of integers: 4.3
Average of doubles: 5.02357
Average of squares: 37.5366
Average of circles: 22.3208
